156.499 287.501
179.49 287.201
202.502 286.561
226.323 286.483
248.615 286.484
271.499 286.508
294.323 286.528
316.5 286.508
338.502 286.473
360.529 285.94
382.491 285.509
156.501 310.501
179.506 310.498
202.471 310.223
226.299 309.535
248.611 309.522
271.502 309.497
294.313 309.486
316.499 308.524
338.493 308.502
360.504 308.501
382.492 308.5
156.502 333.503
179.496 333.498
202.512 333.268
226.303 332.485
248.609 332.475
271.456 332.312
294.3 331.522
316.499 331.503
338.509 331.453
360.507 330.5
382.492 330.497
156.55 356.602
179.502 356.5
202.428 356.287
226.289 355.52
248.592 355.522
271.497 354.498
294.318 354.474
316.484 353.676
338.506 353.497
360.485 353.504
382.498 352.505
156.495 380.499
179.501 379.498
202.517 379.331
226.3 378.484
248.581 378.081
271.492 377.489
294.312 376.874
316.506 376.492
338.501 375.81
360.506 375.499
382.476 374.88
156.498 403.501
179.501 402.502
202.437 402.438
226.286 401.511
248.595 400.517
271.497 400.508
294.307 399.479
316.495 398.99
338.512 398.498
360.516 397.486
382.49 397.494
156.501 426.491
179.594 425.601
202.5 425.507
226.3 424.483
248.594 423.475
271.384 423.353
294.293 422.518
316.495 421.501
338.5 420.769
360.504 420.507
382.503 419.505
156.498 449.508
179.527 449.026
202.497 448.491
226.297 447.52
248.588 446.53
271.492 445.492
294.344 444.566
316.463 444.57
338.499 443.497
360.507 442.494
382.503 441.489
