179.556 56.129
202.496 56.5079
225.583 57.3709
248.558 57.5195
271.495 58.4989
294.499 58.4958
316.854 59.4802
339.502 59.5003
361.509 60.5018
384.427 60.4975
406.497 61.5096
179.5 79.5001
202.503 79.4984
225.516 80.5431
248.565 80.48
271.493 81.405
294.493 81.4974
316.904 82.0043
339.503 82.4995
361.51 82.5731
384.425 83.5154
406.501 83.4718
179.5 102.501
202.498 102.503
225.545 103.439
248.564 103.519
271.458 103.561
294.506 104.494
316.835 104.483
339.493 105.469
361.512 105.494
384.409 105.537
406.496 106.496
179.496 125.498
202.504 125.501
225.489 126.17
248.567 126.483
271.501 126.501
294.552 127.352
316.834 127.52
339.497 127.503
361.492 128.38
384.422 128.519
406.496 128.505
179.497 148.499
202.502 148.504
225.474 148.811
248.552 149.52
271.499 149.5
294.489 149.495
316.825 150.482
339.495 150.498
361.51 150.484
384.437 150.789
406.496 151.5
179.5 171.5
202.501 171.5
225.517 171.62
248.559 172.471
271.498 172.497
294.493 172.502
316.756 172.497
339.52 173.227
361.497 173.496
384.418 173.524
406.495 173.501
179.503 194.501
202.491 194.492
225.497 194.998
248.539 195.516
271.499 195.503
294.504 195.495
316.762 195.486
339.498 195.499
361.487 195.759
384.425 196.464
406.498 196.503
179.501 217.493
202.507 217.49
225.521 217.706
248.546 218.266
271.501 218.492
294.496 218.493
316.741 218.523
339.505 218.501
361.504 218.493
384.404 218.516
406.496 218.498
