30.5036 289.008
57.5012 288.508
83.2452 288.548
108.502 287.502
132.514 287.498
156.552 286.725
180.349 286.522
202.491 286.501
225.502 285.497
246.508 285.508
268.261 285.529
30.4876 313.502
57.4839 312.933
83.2956 312.482
108.504 311.502
132.5 310.503
156.477 310.541
180.349 309.478
202.513 308.456
225.496 308.505
246.507 307.5
268.346 306.574
30.4917 338.499
57.4968 337.5
83.2017 336.599
108.5 335.507
132.471 334.591
156.497 333.485
180.32 332.56
202.502 331.499
225.5 330.49
246.51 329.499
268.293 328.523
30.5011 362.466
57.5036 361.491
83.2421 360.549
108.508 358.431
132.497 357.491
156.501 356.579
180.403 354.767
202.527 353.388
225.498 352.5
246.507 351.499
268.289 350.48
30.5073 387.5
57.5019 385.503
83.3279 383.862
108.484 382.488
132.539 380.416
156.495 379.502
180.371 377.43
202.495 376.494
225.532 374.404
246.499 373.497
268.325 371.918
30.4696 412.075
57.4852 409.935
83.2573 407.601
108.514 405.991
132.49 404.565
156.513 402.527
180.326 400.469
202.532 398.385
225.417 397.495
246.494 395.511
268.279 393.466
30.5085 436.357
57.5029 434.497
83.3194 431.866
108.495 429.45
132.504 427.437
156.5 425.502
180.328 423.547
202.502 421.507
225.495 419.546
246.516 417.501
268.279 415.511
30.4974 461.544
57.5119 458.466
83.2388 455.658
108.5 453.547
132.519 450.951
156.508 448.456
180.355 446.635
202.479 443.943
225.497 441.51
246.503 439.507
268.277 437.515
