107.925 287.473
132.501 287.498
156.504 287.501
179.678 286.709
203.496 286.506
226.402 286.486
248.496 286.499
270.453 286.366
292.5 285.496
314.501 285.506
335.5 285.504
107.92 311.528
132.505 311.22
156.502 310.506
179.771 310.481
203.497 309.511
226.377 309.518
248.517 308.97
270.497 308.502
292.506 308.509
314.512 307.478
335.499 307.502
107.762 335.363
132.503 334.504
156.517 333.474
179.761 333.513
203.495 332.502
226.392 332.477
248.494 331.499
270.441 331.16
292.509 330.489
314.549 329.55
335.502 329.496
107.793 358.504
132.485 357.584
156.493 357.493
179.761 356.489
203.498 355.499
226.424 354.486
248.496 354.501
270.492 353.502
292.508 352.493
314.504 352.014
335.503 351.495
107.909 382.464
132.501 381.488
156.517 380.505
179.773 379.502
203.503 378.496
226.371 377.473
248.493 376.497
270.501 375.496
292.505 374.81
314.426 374.499
335.508 373.513
107.946 405.511
132.508 404.435
156.498 403.501
179.753 402.486
203.5 401.492
226.373 400.518
248.495 399.504
270.501 398.548
292.495 397.499
314.47 396.583
335.499 395.503
107.861 429.477
132.509 428.51
156.483 426.994
179.741 425.511
203.498 424.499
226.359 423.484
248.483 422.084
270.495 420.497
292.497 419.499
314.493 418.489
335.494 417.612
107.865 453.526
132.515 451.376
156.511 450.5
179.88 448.343
203.498 447.499
226.411 445.756
248.495 444.503
270.469 443.606
292.498 441.494
314.494 440.494
335.494 439.591
