82.986 288.409
107.674 287.525
132.502 287.499
156.505 287.498
180.386 286.548
203.498 286.502
225.628 286.482
248.454 286.324
270.502 285.507
291.497 285.512
312.776 285.496
83.0589 312.456
107.681 311.474
132.433 311.304
156.511 310.508
180.325 310.321
203.5 309.505
225.534 309.357
248.5 308.501
270.491 308.496
291.497 307.501
312.761 307.512
83.0686 335.997
107.688 335.523
132.508 334.503
156.496 333.498
180.376 333.058
203.504 332.5
225.609 331.474
248.598 330.795
270.496 330.5
291.499 329.493
312.728 329.144
83.0623 359.475
107.722 358.611
132.592 357.523
156.499 357.001
180.221 356.424
203.481 355.564
225.608 354.514
248.497 353.5
270.506 352.496
291.503 351.498
312.756 350.515
83.0455 383.474
107.688 382.522
132.501 381.496
156.512 380.494
180.387 379.031
203.592 377.5
225.639 376.46
248.5 375.498
270.496 374.502
291.497 373.505
312.743 372.484
83.0661 407.474
107.616 406.568
132.507 404.488
156.497 403.499
180.253 402.566
203.502 400.428
225.607 399.524
248.467 398.608
270.513 396.394
291.491 395.481
312.74 394.516
83.0636 431.518
107.649 430.363
132.517 428.508
156.509 426.491
180.265 425.683
203.491 423.499
225.537 422.597
248.485 420.509
270.489 419.645
291.512 417.468
312.736 416.493
83.0352 455.484
107.695 453.423
132.513 451.451
156.503 450.005
180.322 448.494
203.499 446.498
225.586 444.477
248.509 443.203
270.506 441.498
291.539 439.429
312.71 438.534
