202.454 56.6409
225.513 57.5113
248.507 57.5001
271.5 57.502
294.485 57.5093
317.524 57.8135
340.435 58.514
362.486 58.4951
385.497 58.4935
408.501 58.5052
430.492 58.8298
202.476 80.0422
225.496 80.495
248.504 80.5034
271.499 80.4999
294.502 80.4956
317.466 80.6497
340.469 81.4659
362.504 81.4934
385.511 81.5152
408.492 81.4945
430.509 81.5048
202.495 102.817
225.503 103.511
248.502 103.499
271.501 103.496
294.5 103.498
317.492 103.509
340.417 103.647
362.501 104.404
385.496 104.501
408.498 104.498
430.5 104.5
202.526 125.692
225.534 126.359
248.512 126.485
271.501 126.501
294.504 126.497
317.5 126.496
340.439 126.477
362.476 126.525
385.489 127.057
408.5 127.502
430.511 127.498
202.487 148.56
225.483 149.042
248.512 149.492
271.497 149.497
294.512 149.496
317.495 149.495
340.432 149.514
362.493 149.496
385.502 149.497
408.5 149.561
430.532 150.068
202.5 171.498
225.478 171.725
248.481 172.168
271.501 172.499
294.502 172.502
317.504 172.502
340.419 172.475
362.491 172.512
385.495 172.504
408.492 172.49
430.5 172.501
202.475 194.727
225.485 195.057
248.542 195.378
271.502 195.502
294.508 195.503
317.496 195.498
340.403 195.52
362.504 195.499
385.505 195.496
408.495 195.501
430.503 195.505
202.521 217.613
225.477 217.729
248.511 217.98
271.514 218.239
294.48 218.371
317.517 218.472
340.416 218.473
362.481 218.499
385.508 218.495
408.499 218.494
430.497 218.495
