225.5 57.4976
248.509 57.5014
271.503 57.5027
294.509 57.4951
317.516 57.1892
340.536 56.6617
363.496 56.5013
386.499 56.5038
409.498 56.5062
432.673 56.5217
456.319 56.5247
225.496 80.505
248.496 80.4984
271.502 80.4877
294.503 80.5006
317.504 80.489
340.498 80.1713
363.531 79.6239
386.498 79.4996
409.5 79.4993
432.663 79.4762
456.331 79.4766
225.496 103.502
248.501 103.5
271.507 103.493
294.504 103.5
317.521 103.355
340.516 102.96
363.485 102.556
386.494 102.51
409.499 102.504
432.639 102.522
456.315 102.524
225.499 126.494
248.506 126.489
271.499 126.502
294.522 126.434
317.479 126.067
340.474 125.699
363.498 125.512
386.506 125.5
409.503 125.504
432.643 125.477
456.316 125.48
225.498 149.484
248.508 149.497
271.513 149.428
294.481 149.15
317.496 148.853
340.507 148.593
363.497 148.501
386.489 148.499
409.505 148.495
432.655 148.498
456.308 148.522
225.476 172.464
248.523 172.29
271.505 172.141
294.492 171.83
317.526 171.606
340.498 171.497
363.499 171.5
386.502 171.5
409.505 171.499
432.613 171.479
456.303 171.48
225.498 195.504
248.497 195.432
271.523 195.334
294.492 195.149
317.489 194.966
340.514 194.757
363.48 194.638
386.51 194.556
409.497 194.498
432.619 194.523
456.302 194.514
225.467 218.092
248.5 218.012
271.524 217.934
294.473 217.844
317.525 217.703
340.476 217.615
363.515 217.554
386.5 217.511
409.505 217.509
432.617 217.477
456.268 217.487
