179.494 286.782
202.514 286.536
225.5 286.505
248.528 286.515
271.501 286.504
294.5 286.501
316.734 286.496
339.497 286.503
361.501 286.499
384.378 286.482
406.5 286.503
179.498 310.501
202.522 310.076
225.508 309.519
248.529 309.491
271.501 309.503
294.504 309.506
316.723 309.52
339.499 309.5
361.487 309.211
384.385 308.541
406.493 308.502
179.504 333.497
202.477 333.177
225.507 332.505
248.523 332.51
271.5 332.5
294.496 332.5
316.683 332.117
339.502 331.498
361.517 331.501
384.374 331.475
406.505 331.503
179.503 356.5
202.532 356.082
225.502 355.502
248.522 355.489
271.498 355.496
294.496 354.771
316.72 354.519
339.502 354.502
361.5 354.49
384.405 353.631
406.502 353.503
179.501 379.501
202.458 379.225
225.499 378.485
248.521 378.512
271.502 378.298
294.498 377.493
316.694 377.477
339.459 377.382
361.497 376.493
384.362 376.481
406.476 376.534
179.496 402.499
202.52 402.08
225.503 401.499
248.522 401.488
271.502 400.498
294.5 400.499
316.677 400.494
339.496 399.503
361.506 399.497
384.363 398.877
406.501 398.504
179.5 425.49
202.508 425.501
225.495 424.514
248.517 424.511
271.502 423.488
294.5 423.499
316.713 422.688
339.5 422.499
361.512 422.335
384.325 421.483
406.493 421.506
179.501 448.5
202.483 448.526
225.5 447.501
248.488 447.539
271.501 446.505
294.477 446.527
316.713 445.538
339.468 445.539
361.501 444.513
384.274 444.582
406.504 443.493
