83.1864 48.3565
107.581 50.498
132.517 52.4883
156.503 54.491
180.393 56.5213
203.505 58.5987
225.671 60.3815
248.461 61.3847
270.5 63.4995
291.533 65.5451
313.076 66.3772
83.1498 73.0143
107.712 74.4831
132.509 76.5161
156.468 77.8225
180.386 79.4678
203.503 81.5106
225.603 82.3982
248.507 84.5086
270.468 85.4353
291.505 87.4971
312.679 88.4089
83.1422 96.5025
107.733 98.5378
132.497 99.5009
156.525 101.619
180.391 102.523
203.469 103.921
225.648 105.473
248.495 106.473
270.611 108.511
291.498 109.527
312.965 110.467
83.0619 120.477
107.655 121.59
132.515 123.598
156.52 124.507
180.367 125.47
203.49 126.505
225.687 128.032
248.496 129.541
270.513 130.535
291.5 131.5
312.82 132.497
83.0724 144.531
107.714 145.516
132.512 146.496
156.503 147.503
180.355 148.521
203.5 149.506
225.64 150.465
248.498 151.5
270.504 152.493
291.503 153.492
312.91 154.469
83.0743 168.481
107.693 169.474
132.494 170.45
156.504 170.506
180.377 171.473
203.501 172.499
225.691 173.587
248.44 173.537
270.499 174.496
291.505 175.498
312.943 176.032
83.0757 192.525
107.749 193.409
132.502 193.514
156.511 194.495
180.373 194.525
203.494 195.501
225.619 195.506
248.496 196.508
270.425 196.709
291.495 197.508
312.946 197.676
83.0585 216.482
107.701 216.48
132.502 217.504
156.499 217.502
180.364 217.467
203.501 218.501
225.626 218.52
248.501 218.496
270.505 219.507
291.498 219.5
312.796 219.505
