98.3532 200.024
120.024 195.538
141.347 191.049
164.296 186.586
186.666 181.495
210.584 176.61
234.581 171.463
259.196 166.624
284.436 160.984
310.417 155.499
337.653 149.761
102.453 223.406
124.154 219.567
145.607 215.338
168.632 210.557
191.338 206.564
214.448 201.51
238.369 196.65
263.62 191.916
288.998 186.998
314.582 182.141
341.455 176.345
106.332 247.093
127.986 243.089
149.423 239.309
172.561 234.647
195.623 230.556
218.478 226.396
242.448 222.383
267.462 217.311
293.534 212.819
319.456 208.597
346.198 203.59
110.562 270.592
131.995 266.451
153.998 262.999
176.526 259.446
199.565 255.648
222.612 251.529
247.083 247.62
271.44 243.422
297.614 238.473
323.469 234.531
350.576 229.586
114.376 293.443
136.014 290.59
157.973 286.981
180.5 283.534
203.479 279.986
227.174 276.658
251.736 272.589
275.94 268.387
301.424 264.503
327.573 260.343
354.342 256.382
118.371 317.285
140.266 313.976
161.852 310.415
184.492 307.382
207.388 304.497
231.649 300.847
255.617 297.43
280.636 294.172
306.01 290.508
332.53 286.564
359.034 283.199
122.301 340.518
143.984 337.428
166.294 334.877
188.339 332.147
211.345 329.103
235.619 325.914
259.371 323.064
284.547 319.347
310.673 316.653
336.44 313.53
363.654 309.341
126.367 363.393
148.483 361.517
169.991 358.42
192.388 356.37
215.775 353.512
239.52 350.431
263.8 347.614
288.351 345.367
314.401 342.69
340.315 339.493
367.577 336.521
