83.5043 188.497
114.597 189.51
142.39 190.485
169.504 190.993
194.62 191.5
217.642 192.513
238.4 193.466
259.33 193.459
278.508 194.511
296.668 194.98
313.617 195.507
85.7856 218.737
116.502 218.497
145.455 218.515
171.42 218.489
196.48 218.501
219.517 218.382
241.274 217.751
261.503 217.508
280.495 217.49
298.504 217.497
315.572 217.502
88.5051 249.493
119 248.495
147.487 246.954
174.275 245.501
198.459 244.521
221.411 243.46
243.495 242.502
263.498 241.505
282.478 240.917
300.442 240.508
317.516 239.491
90.4125 280.49
121.517 277.487
149.658 275.507
176.491 273.625
201.348 271.552
224.635 269.659
245.448 267.487
265.359 265.786
284.811 264.484
302.465 262.479
319.456 261.498
93.3863 311.736
123.387 307.446
152.567 304.054
178.444 300.472
203.495 297.774
226.467 295.585
247.361 292.402
268.083 290.363
287.602 287.363
304.984 285.512
321.418 283.422
95.49 342.545
126.57 337.59
154.508 332.656
181.649 328.414
205.374 324.283
228.503 321.005
250.54 317.517
270.464 314.553
289.515 311.677
307.644 308.615
323.653 305.323
97.3958 373.996
128.52 367.365
157.024 361.999
183.513 356.327
208.66 351.645
231.195 347.584
252.5 342.792
272.52 338.548
291.49 335.008
309.545 331.586
326.617 327.807
100.545 405.585
131.065 398.038
159.51 391.371
185.411 385.003
210.518 378.559
233.483 373.362
254.363 368.415
274.305 363.381
293.441 358.564
311.501 354.494
328.627 350.665
