156.508 54.5033
179.505 55.5034
202.534 56.494
226.326 57.4708
248.644 58.4824
271.488 59.0549
294.387 59.516
316.511 60.5127
338.504 61.5048
360.497 62.5075
382.499 63.4938
156.501 78.5049
179.498 78.5007
202.522 79.5088
226.353 80.5293
248.711 81.5679
271.494 81.5095
294.346 82.4842
316.498 83.4973
338.485 84.2519
360.502 84.5031
382.5 85.5002
156.492 101.5
179.497 101.996
202.537 102.507
226.348 103.478
248.553 103.644
271.501 104.5
294.349 105.527
316.49 105.482
338.489 106.487
360.528 107.507
382.504 107.505
156.506 124.504
179.526 125.473
202.513 125.516
226.354 126.521
248.635 126.531
271.496 127.498
294.302 127.441
316.5 128.495
338.516 128.691
360.501 129.496
382.482 129.898
156.495 147.506
179.499 148.496
202.531 148.486
226.409 149.508
248.646 149.472
271.482 150.138
294.354 150.52
316.509 150.637
338.502 151.498
360.504 151.505
382.499 152.486
156.518 170.832
179.5 171.5
202.516 171.509
226.383 172.284
248.639 172.523
271.502 172.499
294.405 173.471
316.498 173.508
338.505 173.498
360.506 174.494
382.497 174.497
156.502 194.488
179.497 194.5
202.514 194.487
226.384 195.419
248.644 195.472
271.501 195.501
294.348 195.526
316.496 196.45
338.515 196.502
360.508 196.506
382.495 196.51
156.492 217.502
179.496 217.502
202.524 217.519
226.389 217.79
248.63 218.521
271.501 218.499
294.347 218.483
316.51 218.49
338.492 218.496
360.473 218.683
382.489 219.444
