107.943 51.4706
132.477 52.3919
156.504 54.5036
179.697 55.5702
203.498 57.4928
226.367 58.4902
248.498 60.5061
270.504 61.4668
292.531 63.5865
314.505 64.5107
335.503 65.3729
107.952 75.0151
132.52 76.5034
156.491 77.4214
179.882 79.5845
203.5 80.4983
226.425 81.5153
248.498 83.0031
270.509 84.499
292.51 85.5006
314.515 86.5096
335.523 87.912
107.954 98.4862
132.47 99.3934
156.561 101.13
179.978 102.627
203.498 103.499
226.434 104.474
248.49 105.491
270.496 106.499
292.509 107.498
314.477 108.404
335.493 109.476
107.945 122.548
132.498 123.497
156.506 124.51
179.868 125.482
203.494 126.518
226.42 127.523
248.522 128.548
270.607 129.49
292.496 130.001
314.469 130.483
335.493 131.444
107.943 145.491
132.517 146.494
156.505 147.496
179.929 148.515
203.501 149.51
226.445 149.902
248.496 150.499
270.5 151.5
292.502 152.496
314.475 152.884
335.501 153.499
107.936 169.524
132.509 170.488
156.519 170.487
179.909 171.469
203.484 172.215
226.417 172.508
248.493 173.505
270.498 173.504
292.501 174.497
314.571 175.43
335.5 175.5
107.931 193.488
132.499 193.493
156.514 194.494
179.823 194.509
203.526 195.432
226.427 195.474
248.446 195.769
270.496 196.504
292.521 196.504
314.506 197.509
335.501 197.502
107.915 216.533
132.501 217.493
156.501 217.504
179.851 217.475
203.497 218.014
226.42 218.525
248.502 218.501
270.493 218.503
292.498 219.429
314.499 219.503
335.5 219.503
