104.489 163.5
121.503 163.501
138.501 163.5
156.051 163.455
173.507 163.503
191.499 163.503
210.585 163.487
228.496 163.503
248.214 163.497
267.499 163.499
287.499 163.501
104.518 181.963
121.43 182.5
138.485 182.499
155.5 182.513
173.493 182.512
191.547 183.324
209.5 183.501
228.505 183.505
247.5 183.5
266.479 183.786
286.494 184.496
104.152 200.496
120.507 200.506
137.501 201.486
155.504 201.502
172.427 201.605
190.502 202.495
209.001 202.492
227.505 203.541
246.506 203.5
265.9 203.814
285.503 204.501
103.497 218.5
120.496 219.501
137.459 219.418
154.496 220.503
172.52 220.969
190.511 221.501
208.52 222.573
226.988 222.498
245.886 223.534
265.423 223.516
284.48 224.542
103.525 237.564
120.362 237.412
136.748 238.502
154.515 239.578
171.479 239.474
189.504 240.496
207.445 241.51
226.51 242.591
245.385 242.501
264.502 243.505
284.595 244.476
103.494 255.496
119.51 256.585
136.513 256.986
153.449 257.487
171.494 258.463
189.565 259.487
207.504 260.496
225.495 261.503
244.512 262.486
263.424 263.515
283.503 264.494
102.493 273.504
119.494 274.503
136.49 275.494
153.494 276.504
170.439 277.52
188.504 278.495
206.5 279.5
225.522 280.864
243.86 282.642
263.531 283.586
282.501 284.507
102.512 291.499
119.182 292.503
135.471 293.399
152.889 295.638
170.492 296.542
188.575 297.474
206.475 298.37
224.522 300.642
243.495 301.497
262.508 302.498
281.498 304.281
