132.499 53.4992
156.502 54.5087
179.506 55.5014
203.454 56.3911
226.386 57.5813
248.483 59.2163
271.503 60.5001
293.501 61.5042
315.497 62.4977
337.495 63.502
358.5 64.5033
132.495 76.4993
156.5 77.5041
179.483 78.4144
203.457 79.4619
226.521 80.8699
248.44 81.4704
271.523 82.947
293.406 83.5031
315.515 84.769
337.462 85.4713
358.481 86.4348
132.505 100.515
156.492 101.072
179.406 101.575
203.475 102.486
226.488 103.502
248.506 104.496
271.5 105.496
293.5 106.491
315.5 107.502
337.487 108.452
358.44 108.516
132.497 123.496
156.514 124.495
179.486 125.192
203.492 125.512
226.477 126.488
248.5 127.5
271.499 128.477
293.497 128.516
315.501 129.497
337.493 130.49
358.528 131.071
132.46 146.524
156.497 147.502
179.494 148.501
203.455 148.436
226.499 149.497
248.483 150.211
271.5 150.5
293.501 151.5
315.501 151.499
337.502 152.499
358.583 153.381
132.519 170.493
156.509 170.487
179.499 171.497
203.488 171.505
226.475 172.494
248.504 172.503
271.495 173.501
293.497 173.503
315.495 174.498
337.498 174.498
358.516 175.528
132.498 193.5
156.497 194.5
179.497 194.501
203.482 194.568
226.483 195.509
248.494 195.504
271.449 195.754
293.494 196.507
315.503 196.511
337.48 196.907
358.508 197.506
132.495 217.492
156.497 217.509
179.505 217.501
203.46 217.525
226.484 218.452
248.503 218.495
271.501 218.5
293.496 218.494
315.524 218.858
337.505 219.503
358.505 219.495
