132.501 287.501
156.505 287.501
179.509 287.242
203.471 286.497
226.481 286.508
248.496 286.505
271.502 286.499
293.498 286.488
315.496 285.75
337.501 285.506
358.515 285.506
132.542 310.669
156.506 310.505
179.497 310.498
203.462 309.709
226.475 309.49
248.503 309.494
271.486 309.193
293.501 308.51
315.5 308.499
337.512 308.437
358.506 307.496
132.505 334.497
156.495 333.5
179.496 333.51
203.536 332.626
226.479 332.513
248.433 332.269
271.502 331.503
293.497 331.496
315.498 330.515
337.509 330.499
358.513 329.479
132.492 357.5
156.503 357.464
179.502 356.5
203.479 355.549
226.46 355.488
248.507 354.497
271.504 354.501
293.498 353.5
315.421 353.305
337.498 352.499
358.58 351.627
132.497 381.473
156.513 380.508
179.501 379.499
203.469 378.487
226.403 378.58
248.503 377.497
271.49 376.498
293.385 376.34
315.503 375.499
337.496 374.5
358.513 374.024
132.507 404.509
156.498 403.498
179.496 402.502
203.496 401.439
226.449 400.837
248.493 400.562
271.492 399.494
293.502 398.494
315.503 397.498
337.544 396.418
358.411 396.499
132.486 428.01
156.584 426.732
179.503 426.006
203.572 424.571
226.441 423.913
248.446 423.075
271.497 421.996
293.403 421.504
315.495 420.459
337.503 419.505
358.495 418.504
132.498 451.501
156.505 450.557
179.49 449.551
203.464 447.735
226.454 446.5
248.5 445.498
271.5 444.502
293.498 443.502
315.494 442.499
337.488 441.509
358.504 440.494
