204.497 255.501
229.503 255.501
254.508 255.501
279.497 255.506
303.5 255.5
327.609 255.523
350.497 255.506
373.471 255.494
396.503 255.518
418.445 255.474
440.351 255.494
204.511 280.51
230.411 280.542
255.499 280.497
280.492 279.996
304.5 279.506
328.496 279.501
352.61 279.534
375.503 279.501
398.464 279.349
421.03 278.568
443.578 278.527
204.497 306.494
230.555 305.654
255.658 305.416
281.397 305.439
305.497 304.501
330.017 304.494
353.458 303.776
377.604 303.51
400.5 303.492
423.663 302.523
445.454 302.499
204.498 332.505
230.56 332.05
256.512 331.502
282.162 330.552
306.771 330.507
331.502 329.506
355.557 328.72
379.567 328.509
402.476 327.51
425.502 327.496
448.546 326.545
204.595 359.47
231.5 358.497
257.492 357.485
283.011 356.583
308.574 356.276
332.409 355.471
357.556 354.508
381.034 353.464
404.438 352.793
428.008 352.492
450.371 351.498
205.178 386.552
231.515 385.434
257.997 384.497
283.611 383.4
309.502 382.496
334.5 381.508
358.56 380.482
383.483 379.596
406.988 378.517
430.503 377.499
453.569 376.502
205.498 415.482
232.536 413.519
258.498 412.511
285.004 411.539
310.515 409.47
335.407 408.476
360.494 407.512
385.044 406.491
409.642 404.457
432.452 403.463
456.583 402.531
205.5 443.469
232.477 442.595
259.5 440.499
285.567 439.102
311.558 437.503
337.487 435.993
362.491 434.493
387.632 432.87
411.516 431.51
435.507 430.462
458.417 428.469
