57.4912 288.512
82.9164 288.525
108.093 287.529
132.505 287.5
156.509 287.426
180.482 286.507
203.433 286.521
225.464 286.458
247.503 285.5
269.498 285.501
290.501 285.514
57.4973 312.507
82.8567 312.462
108.089 311.471
132.507 310.987
156.501 310.508
180.495 309.494
203.441 309.474
225.502 308.511
247.497 308.493
269.496 307.497
290.415 307.31
57.516 337.066
82.785 336.5
108.052 335.517
132.505 334.495
156.496 333.503
180.488 332.501
203.487 331.484
225.446 331.49
247.506 330.498
269.503 329.498
290.492 328.481
57.5032 361.497
82.7289 360.292
108.075 358.443
132.515 357.417
156.512 356.504
180.487 355.505
203.43 354.484
225.504 353.499
247.5 352.501
269.5 351.501
290.492 350.501
57.5001 385.501
82.7036 384.178
108.063 382.51
132.491 381.485
156.526 379.429
180.483 378.486
203.379 377.637
225.589 375.481
247.507 374.487
269.496 373.503
290.509 372.522
57.5065 409.501
82.7305 408.135
108.075 406.466
132.495 404.502
156.498 403.025
180.483 401.511
203.421 399.413
225.492 398.498
247.513 396.366
269.496 395.502
290.489 394.18
57.4861 433.994
82.7443 432.18
108.064 430.007
132.487 428.612
156.498 426.607
180.468 424.493
203.425 422.501
225.545 420.401
247.476 419.643
269.503 417.505
290.496 415.63
57.4964 458.597
82.7336 456.133
108.035 453.503
132.508 451.509
156.497 449.501
180.467 447.606
203.42 445.495
225.502 443.556
247.504 441.494
269.501 439.512
290.507 437.506
