68.5279 208.384
89.5099 207.51
111.379 205.507
134.585 203.434
157.493 202.632
181.459 200.498
205.522 198.366
229.438 196.772
255.493 195.248
280.989 193.511
307.496 191.592
69.785 232.499
91.4985 231.495
113.424 230.538
136.553 228.511
159.599 227.536
182.521 225.467
206.467 224.503
231.52 222.453
256.52 221.487
282.512 219.438
308.506 218.566
71.4967 256.496
93.605 255.539
115.535 254.532
137.379 253.492
160.491 252.168
184.573 250.5
208.511 249.516
232.453 248.484
257.763 247.518
283.627 245.641
309.569 244.4
73.409 280.358
94.4496 279.513
116.375 278.479
139.499 277.497
162.587 276.506
185.506 275.426
209.538 274.517
234.531 273.805
259.441 273.099
284.952 272.017
311.432 271.324
74.7231 303.435
96.5348 302.909
118.511 302.502
140.679 301.505
163.473 301.495
187.598 300.532
211.568 299.998
235.503 299.5
260.501 298.498
286.452 298.067
312.501 297.495
76.5279 326.74
98.6114 326.516
120.01 326.494
142.496 326.003
165.509 325.497
188.505 325.503
212.536 324.758
236.831 324.466
262.435 324.498
287.507 323.489
313.404 323.475
78.5025 350.504
99.3978 350.491
121.503 350.504
144.239 350.501
166.386 350.448
190.6 350.335
214.441 349.816
238.517 349.548
263.498 349.507
288.998 349.514
315.495 349.587
79.9827 373.506
101.503 373.498
123.645 373.849
145.495 374.499
168.482 374.502
191.498 374.508
215.489 374.505
239.467 374.59
264.505 375.406
290.5 375.494
316.492 375.499
