105.284 172.511
131 166.018
156.707 159.342
182.153 152.87
208.623 145.758
234.862 139.619
261.405 132.715
288.677 125.479
316.486 118.532
343.986 111.509
372.373 103.868
110.639 198.602
136.016 192.012
161.561 185.41
187.329 179.166
213.988 172.489
240.415 166.091
267.563 159.387
294.527 152.446
322.694 145.53
350.356 138.582
379.044 131.494
115.347 224.336
141.263 218.414
166.977 211.994
193.317 205.54
219.323 199.011
246.405 192.379
273.466 186.003
301.139 179.575
328.933 172.538
356.773 165.372
385.378 159.115
120.63 250.438
146.559 244.485
172.452 238.649
198.397 232.245
225.431 225.639
252.675 219.445
279.608 213.289
307.574 206.495
335.375 199.61
363.469 193.254
392.764 186.676
125.786 277.034
151.634 271.375
177.425 265.265
204.543 259.18
231.621 252.8
258.331 246.376
285.499 240.391
313.597 234.229
341.916 227.526
370.463 220.865
399.494 214.33
130.969 303.636
157.096 298.011
183.432 292.487
210.195 286.151
237.188 280.627
264.657 273.978
291.993 268.018
320.077 262.012
348.714 255.649
377.612 248.854
406.389 242.398
136.606 330.939
162.431 325.58
188.738 319.679
215.779 313.59
242.989 307.994
270.529 302.399
298.631 295.879
326.498 290.039
355.59 283.702
384.185 277.44
413.483 271.276
141.64 358.626
167.998 352.985
194.554 347.675
221.342 341.637
248.999 335.799
276.399 330.22
304.705 324.655
333.347 318.43
362.054 312.654
391.35 306.125
421.029 299.989
