134.441 84.6529
162.51 88.9826
189.515 93.5485
215.462 97.5412
240.197 101.373
263.463 105.455
286.51 109.491
308.49 113.243
329.508 116.394
349.512 119.986
369.404 123.607
133.504 112.616
161.504 116.548
188.538 120.614
214.576 124.341
238.505 127.513
262.468 130.566
285.53 134.487
307.001 137.617
328.512 140.627
348.51 143.651
367.591 146.006
132.494 140.65
160.497 143.35
187.458 146.488
213.51 150.209
237.515 153.247
261.514 155.998
284.257 158.404
305.464 161.689
327.184 163.658
347.494 166.559
366.389 168.383
131.494 167.997
159.511 170.446
186.502 173.5
211.858 176.437
236.508 178.491
260.467 180.427
282.507 183.376
304.443 185.51
325.436 187.543
346.63 189.48
365.508 191.481
130.498 195.499
158.468 197.423
185.448 199.417
210.509 201.965
235.451 203.404
259.459 205.397
281.404 207.519
303.503 209.589
324.322 210.55
345.498 212.37
364.507 214.636
129.512 223.521
157.516 224.486
184.355 226.39
209.416 227.526
234.503 229.582
258.01 230.508
280.501 231.757
302.504 233.493
323.5 234.502
343.623 235.493
363.498 236.436
128.496 250.5
156.48 251.46
182.998 252.492
208.503 253.499
233.494 254.508
256.48 255.502
279.496 256.505
301.541 257.574
322.396 257.573
342.517 258.518
362.486 259.497
127.498 278.497
155.569 278.478
181.48 279.33
207.502 279.498
232.497 279.514
255.471 280.498
278.506 280.497
300.45 280.677
321.506 281.505
341.503 281.507
361.499 281.539
