225.498 286.502
248.497 286.501
271.502 286.52
294.502 286.501
317.501 286.509
340.5 286.507
363.502 286.503
386.498 286.514
409.485 286.556
432.586 286.605
456.304 286.627
225.498 309.503
248.509 309.501
271.502 309.504
294.508 309.504
317.517 309.55
340.459 309.638
363.506 309.752
386.483 309.974
409.466 310.085
432.584 310.332
456.276 310.428
225.501 332.509
248.505 332.512
271.499 332.501
294.498 332.499
317.503 332.512
340.509 332.534
363.47 332.649
386.52 332.952
409.516 333.21
432.571 333.371
456.249 333.505
225.501 355.503
248.494 355.498
271.5 355.5
294.501 355.501
317.497 355.502
340.498 355.499
363.522 355.575
386.488 355.765
409.477 356.149
432.597 356.384
456.238 356.488
225.494 378.488
248.507 378.497
271.501 378.497
294.499 378.494
317.496 378.495
340.509 378.497
363.494 378.526
386.511 378.715
409.514 379.226
432.568 379.451
456.223 379.511
225.498 401.495
248.502 401.495
271.501 401.499
294.504 401.5
317.5 401.498
340.495 401.499
363.5 401.492
386.473 401.686
409.457 402.089
432.575 402.454
456.216 402.488
225.496 424.508
248.499 424.505
271.499 424.501
294.506 424.501
317.495 424.519
340.506 424.496
363.483 424.731
386.49 425.296
409.503 425.498
432.555 425.521
456.201 425.504
225.498 447.499
248.501 447.499
271.503 447.503
294.508 447.502
317.495 447.498
340.496 447.499
363.519 447.646
386.531 448.251
409.499 448.502
432.545 448.482
456.199 448.488
