97.6034 142.136
120.903 136.166
144.1 130.192
167.829 123.6
191.458 116.764
215.094 110.332
239.539 103.791
263.789 97.5477
288.635 90.9623
313.095 84.4874
338.247 78.0833
104.722 166.501
128.057 160.446
151.066 154.464
174.558 148.189
197.948 141.969
221.874 136.214
245.729 129.527
269.418 123.201
293.83 116.498
318.404 110.323
343.426 103.622
112.595 190.205
135.161 184.468
158.31 178.377
181.365 172.544
204.545 166.16
228.19 160.533
251.414 154.228
275.5 148.072
299.445 141.812
324.107 135.496
348.656 128.862
120.196 213.501
142.403 207.933
164.787 202.11
187.996 196
211.052 190.223
234.606 183.854
257.799 178.41
281.7 171.959
305.213 166.405
329.638 159.895
353.445 153.694
126.97 235.987
149.253 230.504
172.088 225.18
194.661 219.364
217.63 213.1
240.104 207.299
263.47 202.091
286.977 196.011
310.423 189.988
334.536 184.073
358.636 177.8
134.02 258.644
156.203 252.957
178.3 247.408
201.078 242.022
223.656 236.352
246.512 230.587
269.186 224.817
292.603 218.989
316.102 213.528
339.634 207.634
362.871 201.53
141.021 279.999
162.903 274.4
184.969 269.576
206.807 264.065
229.371 258.814
252.108 253.306
274.63 247.581
298.01 242.022
321.264 236.418
344.446 230.646
367.361 225.222
148.062 301.745
169.552 295.973
190.803 291.123
213.446 285.801
235.696 280.657
257.763 275.069
280.307 269.483
303.286 264.344
325.975 258.749
349.355 253.442
372.459 247.658
