202.498 286.518
225.495 286.499
248.501 286.506
271.503 286.509
294.495 286.509
317.503 286.505
340.408 286.521
362.494 286.504
385.501 286.506
408.495 286.505
430.506 286.505
202.535 309.605
225.503 309.498
248.51 309.51
271.509 309.518
294.492 309.506
317.498 309.502
340.363 309.481
362.51 309.499
385.504 309.506
408.491 309.499
430.493 309.503
202.502 332.503
225.491 332.512
248.508 332.505
271.501 332.501
294.497 332.507
317.493 332.5
340.357 332.522
362.486 332.497
385.508 332.499
408.499 332.506
430.522 332.43
202.503 355.498
225.509 355.502
248.492 355.503
271.5 355.5
294.508 355.496
317.495 355.504
340.389 355.475
362.502 355.485
385.507 355.17
408.486 354.608
430.513 354.505
202.48 378.492
225.508 378.492
248.505 378.494
271.501 378.492
294.499 378.501
317.501 378.487
340.386 378.121
362.534 377.614
385.503 377.495
408.492 377.496
430.498 377.493
202.502 401.504
225.504 401.495
248.509 401.5
271.502 401.495
294.505 401.494
317.491 400.999
340.347 400.475
362.494 400.495
385.497 400.497
408.494 400.5
430.507 400.496
202.485 424.509
225.507 424.514
248.495 424.501
271.501 424.502
294.496 424.508
317.519 423.795
340.364 423.523
362.496 423.501
385.502 423.496
408.487 423.5
430.501 423.483
202.498 447.499
225.499 447.499
248.503 447.501
271.503 447.499
294.493 447.151
317.502 446.508
340.356 446.479
362.497 446.509
385.497 446.49
408.525 446.085
430.515 445.509
