248.502 57.4905
271.501 57.5001
294.496 56.5305
317.511 56.5119
340.513 56.0117
364.349 55.4764
387.492 55.4938
410.781 54.5264
434.502 54.5055
458.504 53.5059
482.501 53.4974
248.496 80.5046
271.499 80.4979
294.519 79.8076
317.502 79.4995
340.504 79.4998
364.354 78.5204
387.5 78.4959
410.663 78.2515
434.503 77.5075
458.508 77.4915
482.485 76.5052
248.499 103.501
271.507 103.493
294.491 102.746
317.509 102.502
340.513 102.49
364.38 101.665
387.503 101.506
410.729 101.518
434.503 100.578
458.491 100.503
482.485 100.506
248.494 126.503
271.503 126.495
294.548 125.625
317.497 125.498
340.502 125.487
364.332 125.245
387.505 124.499
410.723 124.476
434.494 124.495
458.5 123.521
482.502 123.499
248.504 149.501
271.503 149.492
294.513 148.536
317.496 148.502
340.521 148.49
364.292 148.467
387.475 147.701
410.724 147.518
434.503 147.498
458.502 147.497
482.491 146.828
248.505 172.507
271.517 172.175
294.505 171.496
317.498 171.504
340.498 171.501
364.317 171.526
387.474 171.449
410.755 170.615
434.491 170.492
458.491 170.497
482.486 170.494
248.494 195.498
271.467 195.374
294.484 194.7
317.504 194.492
340.513 194.498
364.309 194.483
387.502 194.506
410.709 194.521
434.499 194.505
458.505 193.993
482.504 193.488
248.466 218.38
271.495 217.989
294.536 217.581
317.505 217.519
340.502 217.495
364.309 217.524
387.503 217.489
410.704 217.479
434.506 217.498
458.503 217.492
482.503 217.513
