177.5 84.526
200.511 83.5165
224.496 81.9598
249.499 80.5062
274.486 79.5009
301.482 78.4628
328.521 76.4179
356.502 75.5009
386.538 73.6678
416.514 72.5068
448.518 70.499
176.711 110.563
199.615 109.497
223.501 108.501
248.511 107.514
273.417 107.375
299.409 106.509
326.472 105.567
355.002 104.497
384.504 103.499
414.503 102.501
445.476 101.504
176.497 135.5
199.5 135.5
222.431 134.616
247.501 134.5
272.494 134.489
298.505 133.51
325.509 133.506
353.465 133.423
382.516 132.489
412.498 132.487
443.485 131.597
175.518 160.524
198.505 160.506
222.179 160.426
246.492 160.736
271.49 161.276
297.57 161.497
323.716 161.587
351.481 161.502
380.507 161.507
410.588 161.487
441.558 161.493
175.498 185.498
197.595 186.054
221.516 186.489
245.468 187.176
270.525 187.493
295.637 188.586
322.49 188.486
350.438 189.394
378.342 189.677
408.489 190.486
438.645 191.489
174.529 210.557
197.631 211.334
220.505 211.766
244.505 212.49
269.465 213.427
294.48 214.505
321.507 215.473
348.438 216.535
376.432 218.008
406.597 219.458
436.49 220.505
174.485 234.507
196.498 235.704
219.507 237.493
243.5 238.499
268.368 239.412
293.513 241.51
319.467 242.511
346.476 244.531
375.327 245.44
404.517 247.502
434.54 249.482
173.489 258.367
196.006 260.489
218.513 261.977
242.508 263.476
267.341 265.367
292.544 267.495
318.511 269.554
345.569 271.493
373.5 273.534
402.607 275.482
432.514 277.457
