248.497 286.5
271.499 286.5
294.505 286.504
317.514 286.575
340.508 286.828
364.336 287.335
387.505 287.493
410.681 287.522
434.505 287.501
458.501 287.501
482.492 287.499
248.497 309.507
271.5 309.506
294.524 309.662
317.526 310.3
340.504 310.506
364.288 310.521
387.5 310.496
410.688 310.481
434.496 310.503
458.503 310.51
482.522 310.664
248.504 332.501
271.501 332.501
294.482 332.558
317.47 333.342
340.506 333.492
364.27 333.48
387.503 333.51
410.665 333.527
434.483 333.725
458.511 334.504
482.496 334.501
248.495 355.507
271.501 355.499
294.493 355.475
317.538 356.382
340.51 356.495
364.274 356.524
387.506 356.501
410.661 356.913
434.506 357.497
458.51 357.492
482.5 357.504
248.506 378.493
271.5 378.497
294.513 378.5
317.489 379.441
340.51 379.496
364.256 379.484
387.447 379.662
410.674 380.524
434.495 380.51
458.489 380.499
482.542 381.344
248.52 401.526
271.503 401.498
294.51 401.491
317.512 402.476
340.518 402.495
364.261 402.517
387.492 403.453
410.658 403.478
434.501 403.499
458.539 404.457
482.481 404.504
248.494 424.491
271.501 424.499
294.498 424.499
317.504 425.506
340.501 425.515
364.28 426.114
387.498 426.505
410.642 426.525
434.503 427.498
458.503 427.502
482.443 427.733
248.501 447.002
271.501 447.503
294.493 447.461
317.508 448.502
340.502 448.496
364.228 449.508
387.501 449.501
410.609 450.076
434.494 450.49
458.481 450.532
482.499 451.499
