207.453 258.545
229.504 259.499
251.502 259.499
273.513 260.553
295.5 260.5
317.702 260.591
339.943 261.487
361.998 261.508
384.705 262.515
406.361 262.509
428.418 262.603
205.405 278.744
228.503 279.502
251.5 279.5
273.652 280.457
296.498 280.497
319.529 280.995
341.353 281.481
364.558 281.505
387.037 282.464
409.426 282.525
431.997 283.01
204.508 299.531
227.495 300.497
250.493 300.501
274.446 301.531
297.489 301.5
320.524 301.784
343.498 302.501
366.378 302.474
390.455 303.527
413.277 303.483
436.689 303.982
202.521 321.612
226.491 322.491
250.498 322.495
274.498 323.505
298.045 323.48
321.437 323.965
345.479 324.507
369.564 324.492
393.514 325.521
416.539 325.474
440.432 326.073
200.789 345.48
225.499 345.496
249.414 345.791
274.49 346.499
298.49 346.49
323.558 347.497
347.498 347.501
372.009 348.209
396.484 348.487
420.625 348.523
445.63 349.522
199.636 369.481
224.602 369.958
249.503 370.493
274.494 370.489
299.5 371.5
324.498 371.501
349.625 372.444
374.355 372.481
400.008 372.944
425.398 373.498
449.995 373.493
197.499 395.498
223.018 395.984
248.456 396.521
274.475 396.482
300.497 397.506
326.499 397.509
352.616 398.503
377.795 398.522
403.278 398.948
429.5 399.499
455.457 399.53
195.658 422.712
221.489 423.502
248.502 423.51
274.995 424.51
301.501 424.506
328.589 425.34
354.481 425.496
381.266 425.667
407.406 426.469
434.43 426.501
460.513 427.459
