57.5056 46.601
82.873 48.5305
108.08 50.4415
132.483 52.8873
156.507 55.5677
180.49 57.5345
203.464 59.5131
225.489 61.5108
247.5 63.5032
269.498 65.4977
290.502 67.503
57.4881 70.509
82.9185 72.4787
108.161 74.4763
132.519 76.5027
156.501 78.5051
180.5 80.4985
203.473 82.5846
225.536 84.5992
247.483 85.5249
269.502 87.4988
290.494 89.5539
57.496 94.4985
82.93 96.5166
108.064 98.5157
132.502 99.9783
156.497 101.507
180.504 103.512
203.38 104.482
225.495 106.493
247.576 108.522
269.498 109.501
290.571 111.571
57.5197 118.936
82.9103 120.47
108.15 122.016
132.495 123.507
156.478 124.391
180.499 126.504
203.455 127.483
225.423 128.457
247.512 130.586
269.495 131.501
290.476 132.376
57.5012 143.52
82.9264 144.525
108.148 145.509
132.489 146.403
156.429 147.786
180.524 149.589
203.455 150.515
225.496 151.501
247.504 152.493
269.501 153.497
290.483 154.494
57.4946 167.496
82.9089 168.471
108.148 169.489
132.513 170.487
156.531 171.577
180.579 172.476
203.474 172.942
225.504 173.5
247.506 174.499
269.498 175.502
290.497 176.491
57.4962 191.502
82.8473 192.513
108.162 193.453
132.507 193.507
156.512 194.509
180.512 195.466
203.455 195.517
225.492 196.513
247.414 196.709
269.499 197.497
290.497 198.501
57.487 215.507
82.9168 216.476
108.056 216.491
132.493 217.5
156.499 217.498
180.491 218.093
203.461 218.487
225.494 218.497
247.501 219.518
269.499 219.499
290.503 219.555
