30.4934 42.8497
57.4814 45.4624
83.2971 48.521
108.48 51.184
132.499 53.5143
156.501 56.3117
180.383 58.5192
202.523 60.9355
225.5 63.5317
246.501 65.5
268.36 67.3949
30.4856 67.3808
57.5055 70.6093
83.2934 72.4687
108.475 74.3635
132.481 77.1405
156.497 79.5079
180.382 81.4854
202.503 83.4998
225.496 85.4252
246.519 87.4984
268.34 89.4432
30.4985 92.5082
57.5 94.4954
83.2975 96.5181
108.508 98.4997
132.516 100.5
156.503 102.526
180.382 104.527
202.503 106.137
225.488 107.359
246.508 109.507
268.343 111.524
30.4742 116.469
57.4965 118.51
83.3002 120.481
108.498 122.57
132.49 123.357
156.504 125.497
180.357 126.965
202.493 128.496
225.502 130.322
246.505 131.504
268.274 132.956
30.5059 141.499
57.5128 142.859
83.2916 144.52
108.482 145.373
132.512 147.555
156.513 148.508
180.364 149.509
202.506 151.157
225.498 152.496
246.517 153.495
268.325 154.53
30.4738 166
57.5014 167.499
83.3009 168.481
108.495 169.502
132.514 170.506
156.497 171.501
180.351 172.476
202.502 173.497
225.497 174.499
246.5 175.501
268.292 176.464
30.507 190.505
57.498 191.499
83.29 192.521
108.518 193.56
132.408 193.607
156.513 194.501
180.349 195.521
202.506 196.56
225.468 196.512
246.505 197.501
268.32 198.53
30.4955 215.498
57.4972 215.502
83.2962 216.48
108.501 216.505
132.496 217.486
156.506 217.514
180.363 218.476
202.48 218.495
225.502 219.512
246.508 219.502
268.262 219.844
