117.641 190.531
131.259 188.349
145.465 185.531
159.342 182.309
174.52 179.576
189.623 176.491
204.505 174.012
219.717 171.033
235.51 168.007
251.54 164.545
267.456 161.589
118.246 205.838
132.571 203.45
146.508 200.304
161.334 197.924
175.346 195.676
190.419 192.528
205.946 189.392
221.528 186.534
237.737 183.443
253.567 180.602
269.421 177.619
119.663 220.859
133.652 218.555
147.511 216.004
162.534 213.692
177.665 210.497
192.71 208.258
207.477 205.599
223.109 202.318
239.349 199.774
255.326 196.852
271.514 194.194
120.516 236.728
134.479 233.94
148.326 231.412
163.502 229.004
178.481 226.485
193.506 224.001
209.342 221.678
224.443 218.558
240.459 216.416
257.352 213.564
273.489 210.434
121.714 251.375
135.504 249.541
149.606 247.306
164.362 244.591
179.272 242.446
195.259 239.859
210.516 237.454
226.478 234.953
242.493 232.549
258.587 229.46
275.479 227.454
122.619 267.698
136.475 265.459
151.586 262.652
166.68 260.389
181.678 258.595
196.457 256.476
212.587 253.38
228.618 251.727
244.635 248.705
260.337 246.359
277.504 244.179
123.491 283.471
137.454 281.698
152.49 279.169
167.486 276.779
182.505 274.614
198.246 272.382
213.294 270.451
229.59 268.649
246.693 265.493
262.312 263.442
279.488 261.359
124.515 299.591
138.364 297.689
153.506 295.598
168.404 293.725
184.363 291.674
199.469 289.523
215.474 287.47
231.516 285.006
247.881 282.345
264.493 280.371
281.392 278.568
