79.4774 149.644
108.366 145.617
138.635 140.651
168.458 136.516
198.545 132.286
228.401 127.338
259.475 123.644
290.649 118.43
321.338 114.572
353.671 109.375
385.591 105.149
82.995 179.502
112.529 175.633
142.013 171.597
171.505 167.229
201.857 162.483
232.517 158.352
263.586 154.643
294.579 149.955
325.407 145.382
357.523 141.361
389.529 136.398
86.5052 209.462
115.959 205.525
145.509 201.382
175.35 197.471
205.31 193.416
236.65 189.618
267.44 185.245
298.08 181.331
329.479 176.62
361.617 172.545
393.593 168.271
90.3469 239.505
119.526 235.505
149.358 231.45
179.504 227.978
209.282 224.548
240.505 219.863
271.141 216.519
301.797 212.007
333.409 207.891
365.624 203.63
397.533 199.461
93.4054 269.42
123.467 265.925
152.516 262.575
183.011 258.495
213.596 254.376
243.765 250.424
274.401 247.005
306.026 243.676
337.48 239.392
369.578 235.707
401.579 231.328
97.68 299.36
126.356 296.593
156.413 292.41
186.381 289.183
217.068 285.477
247.477 281.489
278.268 278.442
309.319 274.652
341.625 270.496
373.685 266.388
405.49 262.397
101.166 330.307
130.532 326.383
160.513 323.644
190.56 319.349
220.425 316.591
251.567 312.359
282.459 309.553
313.345 305.452
345.521 302.016
377.452 298.579
409.582 294.406
104.357 360.489
134.671 357.044
163.871 353.358
194.609 350.549
224.376 347.617
255.614 343.369
286.636 340.592
317.489 336.801
349.62 333.552
381.641 329.525
413.657 326.616
