96.7416 164.669
113.46 162.558
129.503 159.997
146.549 157.361
162.525 155.353
179.507 153.504
196.495 151.71
214.314 148.777
231.519 146.344
249.519 144.571
267.556 142.017
96.5 180.416
113.496 178.458
129.499 176.504
146.515 174.588
163.481 172.637
180.494 170.385
197.514 168.076
214.38 165.733
232.511 163.437
250.503 161.605
268.47 159.562
96.5103 197.307
113.474 195.461
129.478 193.441
146.463 191.59
163.526 189.172
180.369 187.485
198.484 184.853
215.517 182.437
233.511 180.3
251.5 178.508
269.47 176.582
96.5159 213.313
113.48 211.789
129.767 210.167
146.693 208.104
164.526 206.499
181.471 204.424
198.864 202.68
216.481 200.449
234.467 198.543
252.493 196.014
271.182 193.524
96.5311 230.508
113.512 228.815
130.477 227.425
147.5 225.55
164.504 223.515
182.014 221.488
199.502 219.38
217.487 217.422
235.528 215.358
253.837 213.393
272.53 211.332
96.4681 248.547
113.512 246.589
130.488 244.501
147.523 242.556
165.013 241.44
182.491 239.68
200.494 237.501
218.505 235.472
236.479 233.428
255.633 231.373
273.391 229.507
96.5132 265.338
113.47 264.573
130.504 262.505
147.48 260.359
165.511 259.046
183.531 257.519
201.513 255.484
219.512 253.33
237.494 252.313
256.509 250.544
275.513 248.516
96.5115 283.506
113.491 281.988
130.499 280.501
148.518 278.523
165.431 277.482
183.501 275.429
201.54 274.296
220.483 272.596
238.449 270.465
257.5 269.01
276.473 267.554
