105.517 71.5844
137.491 77.9888
168.382 84.2688
199.553 90.0954
228.63 95.3418
256.447 101.012
284.554 106.526
310.808 111.507
337.182 116.436
362.554 121.568
386.54 126.439
102.451 103.269
134.55 108.783
165.493 114.575
195.68 119.358
225.548 125.108
253.518 130.074
281.398 135.047
307.674 139.41
333.677 144.34
359.596 148.308
383.395 152.947
98.3778 134.667
130.38 139.617
162.211 144.429
192.514 149.565
221.553 154.603
250.547 158.681
277.653 163.633
304.441 167.462
330.837 171.361
356.666 176.028
380.442 179.364
95.5708 165.57
127.537 170.549
158.334 174.379
189.521 179.521
218.524 183.642
247.063 187.536
274.428 191.465
301.441 195.545
327.437 199.426
353.166 202.626
377.451 206.484
91.9407 196.453
124.569 200.401
155.453 204.376
186.149 208.319
215.633 212.49
243.384 216.292
271.359 219.319
298.52 223.657
324.333 226.434
350.308 230.025
374.399 233.689
88.497 227.519
120.664 231.643
152.582 234.58
182.349 238.65
212.614 241.336
240.392 244.41
268.473 248.042
295.624 251.607
321.503 254.319
346.796 257.506
371.484 259.713
85.3384 258.509
117.501 261.636
149.016 264.613
179.497 268.002
209.085 270.328
237.467 273.376
265.559 276.465
292.665 279.437
318.506 281.468
343.411 284.575
368.381 286.49
81.3675 289.505
114.388 292.509
145.494 294.792
176.452 297.49
205.504 299.953
234.658 302.467
262.606 304.335
289.145 306.348
315.499 309.339
340.522 311.569
365.51 313.598
