181.578 208.345
197.53 211.534
214.003 214.589
229.569 217.55
245.6 220.495
260.344 222.736
275.287 225.447
290.54 228.54
304.992 230.999
319.494 233.385
333.011 236.008
178.999 224.996
195.352 227.326
211.338 230.623
227.541 233.624
243.504 235.998
258.551 238.53
273.428 240.821
288.327 243.362
303.687 246.525
317.493 248.398
331.496 251.002
176.553 241.713
193.629 244.104
209.349 246.388
225.424 249.437
241.477 251.358
256.466 254.472
272.106 256.363
286.596 258.96
301.434 261.565
315.605 263.465
329.982 266.004
174.367 258.032
190.792 260.498
207.601 263.056
223.43 265.597
239.478 267.54
254.722 270.484
270.754 272.405
285.556 274.26
299.546 276.651
314.685 279.529
328.53 281.509
171.293 274.46
188.502 276.994
204.987 279.581
221.498 281.299
237.647 283.756
252.971 286.01
268.718 288.577
283.522 290.55
298.653 292.41
312.433 294.448
326.996 296.481
169.543 291.304
186.474 293.346
202.344 295.873
219.442 298.605
235.709 300.661
250.953 302.61
266.516 304.669
281.474 306.609
296.511 308.674
310.983 310.649
325.464 312.055
166.304 308.391
183.25 310.431
200.396 312.385
217.079 314.867
233.49 316.347
249.22 318.359
264.474 320.469
279.371 322.606
294.32 324.672
309.51 325.997
323.663 327.355
164.005 325.996
181.714 327.952
198.637 329.634
214.535 331.522
231.294 333.514
246.877 335.625
262.519 337.005
277.948 338.483
293.056 340.645
307.462 341.572
322.558 343.452
